15 0.454663 0.855461 0.069565 0.178256
8 0.247492 0.908053 0.071564 0.182550
7 0.386170 0.855955 0.070090 0.176662
29 0.179211 0.908239 0.072174 0.183305
6 0.317663 0.856044 0.071702 0.178265
9 0.523595 0.854878 0.070214 0.179103
9 0.041742 0.908357 0.073388 0.182245
33 0.109158 0.908239 0.072866 0.182722
30 0.700033 0.347538 0.172121 0.373194
28 0.265310 0.068566 0.047134 0.083290
28 0.039185 0.069066 0.068795 0.084072
24 0.962098 0.416697 0.070462 0.079069
3 0.317598 0.068240 0.047131 0.079264
32 0.036671 0.330186 0.066631 0.114605
11 0.963823 0.330358 0.064889 0.115073
16 0.072668 0.736032 0.050447 0.068400
6 0.056713 0.540009 0.049164 0.068021
27 0.389900 0.876599 0.078066 0.226141
11 0.740814 0.077380 0.063956 0.116842
33 0.964095 0.329634 0.064493 0.108694
